"""
Blender Standalone Animation Script - No External Files Required

This script creates a cube and animates it using embedded pose data.
All pose data is included directly in the script - no external files needed.

Usage in Blender:
1. Open Blender
2. Go to Scripting workspace
3. Paste this entire script
4. Run the script (Alt+P or click Run)
"""

import bpy
import numpy as np
from mathutils import Matrix, Vector
from pathlib import Path

# ============================================================================
# CONFIGURATION
# ============================================================================

FPS = 30  # Frames per second
START_FRAME = 1  # Starting frame number
SCALE_FACTOR = 1.0  # Scale factor (1.0 = 1 Blender unit = 1 meter)

# Object settings
CUBE_SIZE = 0.02  # Size of the cube in meters (2cm for earbud scale)
USE_CUBE = True  # Set to False to try loading model (if available)

# Camera settings
CAMERA_DISTANCE = 0.15  # Distance from origin (adjusted for 5cm object)
CAMERA_HEIGHT = 0.05
CAMERA_LOOK_AT_OBJECT = True

# ============================================================================
# EMBEDDED POSE DATA
# ============================================================================
# This data is automatically generated from poses.npy
# Format: List of 4x4 matrices (310 frames)
# To regenerate: Run generate_embedded_poses.py

# Embedded pose data (310 frames) - all data included inline
EMBEDDED_POSES = [
    # Frame 0
    [
        [-0.171190, 0.000117, 0.985238, 0.000004],
        [-0.899612, 0.407739, -0.156360, -0.000021],
        [-0.401737, -0.913099, -0.069695, 0.050406],
        [0.000000, 0.000000, 0.000000, 1.000000],
    ],
    # Frame 1
    [
        [-0.170048, 0.000665, 0.985436, 0.000003],
        [-0.899669, 0.407934, -0.155523, -0.000037],
        [-0.402095, -0.913011, -0.068770, 0.050614],
        [0.000000, 0.000000, 0.000000, 1.000000],
    ],
    # Frame 2
    [
        [-0.169507, 0.001356, 0.985529, 0.000002],
        [-0.900045, 0.407165, -0.155364, -0.000040],
        [-0.401482, -0.913354, -0.067797, 0.050767],
        [0.000000, 0.000000, 0.000000, 1.000000],
    ],
    # Frame 3
    [
        [-0.169010, 0.001917, 0.985613, 0.000001],
        [-0.900385, 0.406479, -0.155185, -0.000039],
        [-0.400928, -0.913658, -0.066973, 0.050895],
        [0.000000, 0.000000, 0.000000, 1.000000],
    ],
    # Frame 4
    [
        [-0.168624, 0.002406, 0.985678, -0.000000],
        [-0.900698, 0.405828, -0.155076, -0.000037],
        [-0.400388, -0.913947, -0.066265, 0.051010],
        [0.000000, 0.000000, 0.000000, 1.000000],
    ],
    # Frame 5
    [
        [-0.168450, 0.002667, 0.985707, 0.000000],
        [-0.900998, 0.405163, -0.155070, -0.000036],
        [-0.399785, -0.914241, -0.065846, 0.051111],
        [0.000000, 0.000000, 0.000000, 1.000000],
    ],
    # Frame 6
    [
        [-0.168401, 0.002902, 0.985715, 0.000000],
        [-0.901345, 0.404351, -0.155177, -0.000036],
        [-0.399024, -0.914600, -0.065477, 0.051117],
        [0.000000, 0.000000, 0.000000, 1.000000],
    ],
    # Frame 7
    [
        [-0.168398, 0.003213, 0.985714, -0.000000],
        [-0.901694, 0.403502, -0.155359, -0.000034],
        [-0.398236, -0.914974, -0.065052, 0.051137],
        [0.000000, 0.000000, 0.000000, 1.000000],
    ],
    # Frame 8
    [
        [-0.168208, 0.003677, 0.985745, -0.000001],
        [-0.902038, 0.402707, -0.155426, -0.000033],
        [-0.397537, -0.915323, -0.064422, 0.051141],
        [0.000000, 0.000000, 0.000000, 1.000000],
    ],
    # Frame 9
    [
        [-0.168196, 0.003968, 0.985746, -0.000001],
        [-0.902370, 0.401902, -0.155587, -0.000032],
        [-0.396789, -0.915676, -0.064018, 0.051167],
        [0.000000, 0.000000, 0.000000, 1.000000],
    ],
    # Frame 10
    [
        [-0.168135, 0.004267, 0.985756, -0.000002],
        [-0.902677, 0.401166, -0.155701, -0.000031],
        [-0.396115, -0.915997, -0.063598, 0.051184],
        [0.000000, 0.000000, 0.000000, 1.000000],
    ],
    # Frame 11
    [
        [-0.168053, 0.004552, 0.985768, -0.000002],
        [-0.902983, 0.400443, -0.155788, -0.000030],
        [-0.395452, -0.916312, -0.063185, 0.051198],
        [0.000000, 0.000000, 0.000000, 1.000000],
    ],
    # Frame 12
    [
        [-0.167983, 0.004821, 0.985779, -0.000002],
        [-0.903287, 0.399723, -0.155880, -0.000030],
        [-0.394789, -0.916625, -0.062792, 0.051199],
        [0.000000, 0.000000, 0.000000, 1.000000],
    ],
    # Frame 13
    [
        [-0.167899, 0.005074, 0.985792, -0.000003],
        [-0.903577, 0.399039, -0.155949, -0.000029],
        [-0.394159, -0.916922, -0.062413, 0.051205],
        [0.000000, 0.000000, 0.000000, 1.000000],
    ],
    # Frame 14
    [
        [-0.167833, 0.005356, 0.985802, -0.000003],
        [-0.903911, 0.398242, -0.156054, -0.000028],
        [-0.393423, -0.917267, -0.061997, 0.051163],
        [0.000000, 0.000000, 0.000000, 1.000000],
    ],
    # Frame 15
    [
        [-0.167727, 0.005569, 0.985819, -0.000003],
        [-0.904209, 0.397551, -0.156087, -0.000027],
        [-0.392781, -0.917565, -0.061644, 0.051145],
        [0.000000, 0.000000, 0.000000, 1.000000],
    ],
    # Frame 16
    [
        [-0.167518, 0.005890, 0.985852, -0.000004],
        [-0.904516, 0.396861, -0.156068, -0.000027],
        [-0.392164, -0.917862, -0.061153, 0.051106],
        [0.000000, 0.000000, 0.000000, 1.000000],
    ],
    # Frame 17
    [
        [-0.167195, 0.006321, 0.985905, -0.000005],
        [-0.904827, 0.396183, -0.155985, -0.000025],
        [-0.391583, -0.918152, -0.060520, 0.051061],
        [0.000000, 0.000000, 0.000000, 1.000000],
    ],
    # Frame 18
    [
        [-0.166788, 0.006762, 0.985971, -0.000005],
        [-0.905131, 0.395553, -0.155825, -0.000025],
        [-0.391056, -0.918421, -0.059853, 0.051018],
        [0.000000, 0.000000, 0.000000, 1.000000],
    ],
    # Frame 19
    [
        [-0.166363, 0.007220, 0.986039, -0.000006],
        [-0.905437, 0.394919, -0.155654, -0.000025],
        [-0.390528, -0.918690, -0.059163, 0.050993],
        [0.000000, 0.000000, 0.000000, 1.000000],
    ],
    # Frame 20
    [
        [-0.165956, 0.007623, 0.986105, -0.000006],
        [-0.905717, 0.394347, -0.155474, -0.000024],
        [-0.390052, -0.918933, -0.058540, 0.050985],
        [0.000000, 0.000000, 0.000000, 1.000000],
    ],
    # Frame 21
    [
        [-0.165558, 0.008010, 0.986169, -0.000007],
        [-0.905988, 0.393795, -0.155295, -0.000024],
        [-0.389591, -0.919166, -0.057938, 0.050986],
        [0.000000, 0.000000, 0.000000, 1.000000],
    ],
    # Frame 22
    [
        [-0.165169, 0.008378, 0.986231, -0.000007],
        [-0.906250, 0.393264, -0.155114, -0.000023],
        [-0.389147, -0.919391, -0.057363, 0.050991],
        [0.000000, 0.000000, 0.000000, 1.000000],
    ],
    # Frame 23
    [
        [-0.164819, 0.008712, 0.986287, -0.000008],
        [-0.906523, 0.392695, -0.154958, -0.000022],
        [-0.388658, -0.919631, -0.056826, 0.051010],
        [0.000000, 0.000000, 0.000000, 1.000000],
    ],
    # Frame 24
    [
        [-0.164501, 0.009053, 0.986337, -0.000008],
        [-0.906791, 0.392124, -0.154833, -0.000021],
        [-0.388167, -0.919871, -0.056295, 0.051023],
        [0.000000, 0.000000, 0.000000, 1.000000],
    ],
    # Frame 25
    [
        [-0.164185, 0.009381, 0.986387, -0.000009],
        [-0.907053, 0.391570, -0.154703, -0.000020],
        [-0.387690, -0.920104, -0.055781, 0.051030],
        [0.000000, 0.000000, 0.000000, 1.000000],
    ],
    # Frame 26
    [
        [-0.163873, 0.009694, 0.986435, -0.000009],
        [-0.907307, 0.391035, -0.154570, -0.000020],
        [-0.387228, -0.920328, -0.055285, 0.051036],
        [0.000000, 0.000000, 0.000000, 1.000000],
    ],
    # Frame 27
    [
        [-0.163503, 0.010041, 0.986493, -0.000010],
        [-0.907564, 0.390507, -0.154395, -0.000019],
        [-0.386782, -0.920549, -0.054736, 0.051039],
        [0.000000, 0.000000, 0.000000, 1.000000],
    ],
    # Frame 28
    [
        [-0.163073, 0.010423, 0.986561, -0.000010],
        [-0.907810, 0.390022, -0.154176, -0.000018],
        [-0.386385, -0.920750, -0.054140, 0.051035],
        [0.000000, 0.000000, 0.000000, 1.000000],
    ],
    # Frame 29
    [
        [-0.162657, 0.010783, 0.986626, -0.000011],
        [-0.908047, 0.389555, -0.153959, -0.000018],
        [-0.386004, -0.920944, -0.053573, 0.051038],
        [0.000000, 0.000000, 0.000000, 1.000000],
    ],
    # Frame 30
    [
        [-0.162253, 0.011125, 0.986688, -0.000012],
        [-0.908277, 0.389103, -0.153745, -0.000017],
        [-0.385632, -0.921131, -0.053029, 0.051042],
        [0.000000, 0.000000, 0.000000, 1.000000],
    ],
    # Frame 31
    [
        [-0.161853, 0.011438, 0.986751, -0.000012],
        [-0.908505, 0.388660, -0.153523, -0.000017],
        [-0.385265, -0.921314, -0.052514, 0.051030],
        [0.000000, 0.000000, 0.000000, 1.000000],
    ],
    # Frame 32
    [
        [-0.161356, 0.011878, 0.986827, -0.000013],
        [-0.908761, 0.388162, -0.153263, -0.000017],
        [-0.384867, -0.921519, -0.051838, 0.050966],
        [0.000000, 0.000000, 0.000000, 1.000000],
    ],
    # Frame 33
    [
        [-0.160941, 0.012268, 0.986890, -0.000014],
        [-0.909034, 0.387603, -0.153061, -0.000017],
        [-0.384397, -0.921749, -0.051229, 0.050923],
        [0.000000, 0.000000, 0.000000, 1.000000],
    ],
    # Frame 34
    [
        [-0.160496, 0.012627, 0.986958, -0.000014],
        [-0.909299, 0.387078, -0.152818, -0.000016],
        [-0.383957, -0.921965, -0.050643, 0.050905],
        [0.000000, 0.000000, 0.000000, 1.000000],
    ],
    # Frame 35
    [
        [-0.160080, 0.012980, 0.987021, -0.000015],
        [-0.909564, 0.386539, -0.152600, -0.000016],
        [-0.383501, -0.922186, -0.050071, 0.050906],
        [0.000000, 0.000000, 0.000000, 1.000000],
    ],
    # Frame 36
    [
        [-0.159772, 0.013294, 0.987067, -0.000015],
        [-0.909817, 0.385998, -0.152466, -0.000015],
        [-0.383031, -0.922408, -0.049576, 0.050921],
        [0.000000, 0.000000, 0.000000, 1.000000],
    ],
    # Frame 37
    [
        [-0.159468, 0.013597, 0.987112, -0.000016],
        [-0.910063, 0.385471, -0.152329, -0.000014],
        [-0.382572, -0.922624, -0.049095, 0.050929],
        [0.000000, 0.000000, 0.000000, 1.000000],
    ],
    # Frame 38
    [
        [-0.159166, 0.013887, 0.987157, -0.000016],
        [-0.910303, 0.384960, -0.152189, -0.000014],
        [-0.382127, -0.922833, -0.048631, 0.050934],
        [0.000000, 0.000000, 0.000000, 1.000000],
    ],
    # Frame 39
    [
        [-0.158868, 0.014162, 0.987201, -0.000016],
        [-0.910536, 0.384466, -0.152045, -0.000013],
        [-0.381697, -0.923035, -0.048184, 0.050940],
        [0.000000, 0.000000, 0.000000, 1.000000],
    ],
    # Frame 40
    [
        [-0.158594, 0.014430, 0.987241, -0.000017],
        [-0.910760, 0.383984, -0.151919, -0.000012],
        [-0.381275, -0.923232, -0.047755, 0.050947],
        [0.000000, 0.000000, 0.000000, 1.000000],
    ],
    # Frame 41
    [
        [-0.158322, 0.014686, 0.987281, -0.000017],
        [-0.910978, 0.383517, -0.151790, -0.000012],
        [-0.380866, -0.923422, -0.047341, 0.050952],
        [0.000000, 0.000000, 0.000000, 1.000000],
    ],
    # Frame 42
    [
        [-0.158054, 0.014929, 0.987320, -0.000018],
        [-0.911191, 0.383065, -0.151658, -0.000011],
        [-0.380470, -0.923606, -0.046941, 0.050957],
        [0.000000, 0.000000, 0.000000, 1.000000],
    ],
    # Frame 43
    [
        [-0.157820, 0.015181, 0.987354, -0.000018],
        [-0.911411, 0.382579, -0.151563, -0.000011],
        [-0.380039, -0.923803, -0.046542, 0.050943],
        [0.000000, 0.000000, 0.000000, 1.000000],
    ],
    # Frame 44
    [
        [-0.157494, 0.015458, 0.987402, -0.000018],
        [-0.911649, 0.382079, -0.151391, -0.000011],
        [-0.379604, -0.924005, -0.046082, 0.050877],
        [0.000000, 0.000000, 0.000000, 1.000000],
    ],
    # Frame 45
    [
        [-0.156909, 0.016102, 0.987485, -0.000021],
        [-0.911974, 0.381408, -0.151129, -0.000010],
        [-0.379065, -0.924272, -0.045161, 0.050710],
        [0.000000, 0.000000, 0.000000, 1.000000],
    ],
    # Frame 46
    [
        [-0.156072, 0.016830, 0.987605, -0.000023],
        [-0.912282, 0.380857, -0.150658, -0.000009],
        [-0.378670, -0.924486, -0.044087, 0.050620],
        [0.000000, 0.000000, 0.000000, 1.000000],
    ],
    # Frame 47
    [
        [-0.155193, 0.017581, 0.987731, -0.000024],
        [-0.912595, 0.380305, -0.150156, -0.000009],
        [-0.378276, -0.924700, -0.042976, 0.050564],
        [0.000000, 0.000000, 0.000000, 1.000000],
    ],
    # Frame 48
    [
        [-0.154265, 0.018200, 0.987865, -0.000025],
        [-0.912869, 0.379886, -0.149551, -0.000008],
        [-0.377996, -0.924860, -0.041989, 0.050520],
        [0.000000, 0.000000, 0.000000, 1.000000],
    ],
    # Frame 49
    [
        [-0.152831, 0.019121, 0.988071, -0.000030],
        [-0.913225, 0.379407, -0.148595, -0.000004],
        [-0.377720, -0.925038, -0.040523, 0.050308],
        [0.000000, 0.000000, 0.000000, 1.000000],
    ],
    # Frame 50
    [
        [-0.151858, 0.020309, 0.988197, -0.000017],
        [-0.913376, 0.379216, -0.148152, -0.000006],
        [-0.377747, -0.925092, -0.039037, 0.049790],
        [0.000000, 0.000000, 0.000000, 1.000000],
    ],
    # Frame 51
    [
        [-0.151402, 0.021513, 0.988242, -0.000010],
        [-0.913415, 0.379108, -0.148190, -0.000006],
        [-0.377836, -0.925109, -0.037747, 0.049708],
        [0.000000, 0.000000, 0.000000, 1.000000],
    ],
    # Frame 52
    [
        [-0.150826, 0.022756, 0.988302, -0.000011],
        [-0.913479, 0.378977, -0.148133, -0.000006],
        [-0.377912, -0.925133, -0.036372, 0.049683],
        [0.000000, 0.000000, 0.000000, 1.000000],
    ],
    # Frame 53
    [
        [-0.150311, 0.023941, 0.988353, -0.000013],
        [-0.913534, 0.378853, -0.148109, -0.000006],
        [-0.377984, -0.925154, -0.035074, 0.049686],
        [0.000000, 0.000000, 0.000000, 1.000000],
    ],
    # Frame 54
    [
        [-0.149899, 0.025066, 0.988388, -0.000014],
        [-0.913595, 0.378686, -0.148159, -0.000005],
        [-0.377999, -0.925193, -0.033864, 0.049702],
        [0.000000, 0.000000, 0.000000, 1.000000],
    ],
    # Frame 55
    [
        [-0.149586, 0.026153, 0.988407, -0.000015],
        [-0.913669, 0.378457, -0.148288, -0.000005],
        [-0.377945, -0.925257, -0.032716, 0.049714],
        [0.000000, 0.000000, 0.000000, 1.000000],
    ],
    # Frame 56
    [
        [-0.149299, 0.027209, 0.988422, -0.000016],
        [-0.913738, 0.378235, -0.148430, -0.000004],
        [-0.377891, -0.925317, -0.031608, 0.049723],
        [0.000000, 0.000000, 0.000000, 1.000000],
    ],
    # Frame 57
    [
        [-0.149039, 0.028287, 0.988432, -0.000017],
        [-0.913784, 0.378058, -0.148602, -0.000004],
        [-0.377884, -0.925358, -0.030497, 0.049698],
        [0.000000, 0.000000, 0.000000, 1.000000],
    ],
    # Frame 58
    [
        [-0.148804, 0.029321, 0.988437, -0.000018],
        [-0.913818, 0.377905, -0.148780, -0.000004],
        [-0.377894, -0.925388, -0.029439, 0.049698],
        [0.000000, 0.000000, 0.000000, 1.000000],
    ],
    # Frame 59
    [
        [-0.148595, 0.030322, 0.988439, -0.000019],
        [-0.913847, 0.377760, -0.148969, -0.000004],
        [-0.377906, -0.925415, -0.028423, 0.049704],
        [0.000000, 0.000000, 0.000000, 1.000000],
    ],
    # Frame 60
    [
        [-0.148409, 0.031293, 0.988436, -0.000020],
        [-0.913871, 0.377622, -0.149168, -0.000004],
        [-0.377920, -0.925439, -0.027445, 0.049711],
        [0.000000, 0.000000, 0.000000, 1.000000],
    ],
    # Frame 61
    [
        [-0.148245, 0.032237, 0.988431, -0.000021],
        [-0.913892, 0.377491, -0.149376, -0.000003],
        [-0.377935, -0.925460, -0.026500, 0.049718],
        [0.000000, 0.000000, 0.000000, 1.000000],
    ],
    # Frame 62
    [
        [-0.148100, 0.033153, 0.988422, -0.000022],
        [-0.913908, 0.377365, -0.149592, -0.000003],
        [-0.377952, -0.925479, -0.025588, 0.049725],
        [0.000000, 0.000000, 0.000000, 1.000000],
    ],
    # Frame 63
    [
        [-0.148023, 0.034030, 0.988404, -0.000023],
        [-0.913931, 0.377205, -0.149857, -0.000003],
        [-0.377927, -0.925513, -0.024734, 0.049734],
        [0.000000, 0.000000, 0.000000, 1.000000],
    ],
    # Frame 64
    [
        [-0.147958, 0.034883, 0.988385, -0.000024],
        [-0.913950, 0.377054, -0.150122, -0.000003],
        [-0.377907, -0.925543, -0.023906, 0.049741],
        [0.000000, 0.000000, 0.000000, 1.000000],
    ],
    # Frame 65
    [
        [-0.147876, 0.035728, 0.988367, -0.000025],
        [-0.913961, 0.376929, -0.150369, -0.000003],
        [-0.377912, -0.925562, -0.023084, 0.049737],
        [0.000000, 0.000000, 0.000000, 1.000000],
    ],
    # Frame 66
    [
        [-0.147808, 0.036546, 0.988347, -0.000026],
        [-0.913967, 0.376816, -0.150618, -0.000003],
        [-0.377925, -0.925576, -0.022295, 0.049741],
        [0.000000, 0.000000, 0.000000, 1.000000],
    ],
    # Frame 67
    [
        [-0.147753, 0.037340, 0.988326, -0.000027],
        [-0.913968, 0.376712, -0.150869, -0.000003],
        [-0.377943, -0.925587, -0.021532, 0.049746],
        [0.000000, 0.000000, 0.000000, 1.000000],
    ],
    # Frame 68
    [
        [-0.147639, 0.038154, 0.988312, -0.000028],
        [-0.913961, 0.376647, -0.151073, -0.000003],
        [-0.378004, -0.925580, -0.020736, 0.049738],
        [0.000000, 0.000000, 0.000000, 1.000000],
    ],
    # Frame 69
    [
        [-0.147546, 0.038939, 0.988295, -0.000029],
        [-0.913949, 0.376591, -0.151284, -0.000003],
        [-0.378070, -0.925570, -0.019976, 0.049740],
        [0.000000, 0.000000, 0.000000, 1.000000],
    ],
    # Frame 70
    [
        [-0.147375, 0.039754, 0.988288, -0.000030],
        [-0.913935, 0.376566, -0.151435, -0.000003],
        [-0.378171, -0.925546, -0.019164, 0.049726],
        [0.000000, 0.000000, 0.000000, 1.000000],
    ],
    # Frame 71
    [
        [-0.147192, 0.040558, 0.988283, -0.000031],
        [-0.913904, 0.376587, -0.151569, -0.000003],
        [-0.378317, -0.925503, -0.018364, 0.049730],
        [0.000000, 0.000000, 0.000000, 1.000000],
    ],
    # Frame 72
    [
        [-0.147033, 0.041340, 0.988274, -0.000032],
        [-0.913872, 0.376606, -0.151717, -0.000003],
        [-0.378457, -0.925461, -0.017594, 0.049735],
        [0.000000, 0.000000, 0.000000, 1.000000],
    ],
    # Frame 73
    [
        [-0.146868, 0.042101, 0.988267, -0.000033],
        [-0.913848, 0.376609, -0.151853, -0.000003],
        [-0.378578, -0.925425, -0.016838, 0.049734],
        [0.000000, 0.000000, 0.000000, 1.000000],
    ],
    # Frame 74
    [
        [-0.146648, 0.042857, 0.988267, -0.000034],
        [-0.913817, 0.376652, -0.151935, -0.000003],
        [-0.378739, -0.925373, -0.016072, 0.049753],
        [0.000000, 0.000000, 0.000000, 1.000000],
    ],
    # Frame 75
    [
        [-0.146364, 0.043651, 0.988275, -0.000034],
        [-0.913789, 0.376705, -0.151971, -0.000003],
        [-0.378916, -0.925314, -0.015248, 0.049742],
        [0.000000, 0.000000, 0.000000, 1.000000],
    ],
    # Frame 76
    [
        [-0.146150, 0.044399, 0.988273, -0.000035],
        [-0.913743, 0.376782, -0.152055, -0.000003],
        [-0.379109, -0.925248, -0.014497, 0.049751],
        [0.000000, 0.000000, 0.000000, 1.000000],
    ],
    # Frame 77
    [
        [-0.145962, 0.045129, 0.988268, -0.000036],
        [-0.913698, 0.376850, -0.152158, -0.000003],
        [-0.379290, -0.925185, -0.013771, 0.049756],
        [0.000000, 0.000000, 0.000000, 1.000000],
    ],
    # Frame 78
    [
        [-0.145739, 0.045871, 0.988267, -0.000036],
        [-0.913654, 0.376926, -0.152231, -0.000003],
        [-0.379481, -0.925117, -0.013022, 0.049761],
        [0.000000, 0.000000, 0.000000, 1.000000],
    ],
    # Frame 79
    [
        [-0.145613, 0.046598, 0.988251, -0.000037],
        [-0.913607, 0.376978, -0.152390, -0.000003],
        [-0.379644, -0.925060, -0.012320, 0.049747],
        [0.000000, 0.000000, 0.000000, 1.000000],
    ],
    # Frame 80
    [
        [-0.145511, 0.047298, 0.988233, -0.000038],
        [-0.913555, 0.377034, -0.152560, -0.000003],
        [-0.379808, -0.925002, -0.011653, 0.049747],
        [0.000000, 0.000000, 0.000000, 1.000000],
    ],
    # Frame 81
    [
        [-0.145358, 0.048020, 0.988221, -0.000038],
        [-0.913490, 0.377137, -0.152692, -0.000003],
        [-0.380022, -0.924922, -0.010954, 0.049732],
        [0.000000, 0.000000, 0.000000, 1.000000],
    ],
    # Frame 82
    [
        [-0.145247, 0.048727, 0.988202, -0.000039],
        [-0.913413, 0.377257, -0.152857, -0.000003],
        [-0.380249, -0.924837, -0.010287, 0.049726],
        [0.000000, 0.000000, 0.000000, 1.000000],
    ],
    # Frame 83
    [
        [-0.145160, 0.049412, 0.988181, -0.000040],
        [-0.913334, 0.377376, -0.153036, -0.000003],
        [-0.380472, -0.924752, -0.009650, 0.049727],
        [0.000000, 0.000000, 0.000000, 1.000000],
    ],
    # Frame 84
    [
        [-0.145093, 0.050080, 0.988158, -0.000041],
        [-0.913255, 0.377490, -0.153226, -0.000004],
        [-0.380687, -0.924670, -0.009035, 0.049730],
        [0.000000, 0.000000, 0.000000, 1.000000],
    ],
    # Frame 85
    [
        [-0.145043, 0.050732, 0.988132, -0.000041],
        [-0.913176, 0.377600, -0.153428, -0.000004],
        [-0.380896, -0.924589, -0.008441, 0.049733],
        [0.000000, 0.000000, 0.000000, 1.000000],
    ],
    # Frame 86
    [
        [-0.145023, 0.051376, 0.988102, -0.000042],
        [-0.913091, 0.377713, -0.153653, -0.000004],
        [-0.381107, -0.924507, -0.007866, 0.049731],
        [0.000000, 0.000000, 0.000000, 1.000000],
    ],
    # Frame 87
    [
        [-0.145017, 0.052003, 0.988070, -0.000043],
        [-0.913006, 0.377826, -0.153886, -0.000004],
        [-0.381315, -0.924426, -0.007312, 0.049733],
        [0.000000, 0.000000, 0.000000, 1.000000],
    ],
    # Frame 88
    [
        [-0.145039, 0.052627, 0.988034, -0.000043],
        [-0.912911, 0.377950, -0.154143, -0.000004],
        [-0.381533, -0.924340, -0.006774, 0.049726],
        [0.000000, 0.000000, 0.000000, 1.000000],
    ],
    # Frame 89
    [
        [-0.145075, 0.053232, 0.987996, -0.000044],
        [-0.912814, 0.378076, -0.154407, -0.000004],
        [-0.381751, -0.924254, -0.006258, 0.049726],
        [0.000000, 0.000000, 0.000000, 1.000000],
    ],
    # Frame 90
    [
        [-0.145059, 0.053856, 0.987965, -0.000045],
        [-0.912711, 0.378234, -0.154629, -0.000005],
        [-0.382004, -0.924153, -0.005711, 0.049724],
        [0.000000, 0.000000, 0.000000, 1.000000],
    ],
    # Frame 91
    [
        [-0.145046, 0.054487, 0.987932, -0.000045],
        [-0.912604, 0.378400, -0.154856, -0.000005],
        [-0.382265, -0.924048, -0.005160, 0.049711],
        [0.000000, 0.000000, 0.000000, 1.000000],
    ],
    # Frame 92
    [
        [-0.145066, 0.055110, 0.987895, -0.000045],
        [-0.912487, 0.378577, -0.155112, -0.000005],
        [-0.382536, -0.923939, -0.004631, 0.049697],
        [0.000000, 0.000000, 0.000000, 1.000000],
    ],
    # Frame 93
    [
        [-0.145050, 0.055790, 0.987859, -0.000045],
        [-0.912346, 0.378816, -0.155357, -0.000005],
        [-0.382878, -0.923800, -0.004047, 0.049652],
        [0.000000, 0.000000, 0.000000, 1.000000],
    ],
    # Frame 94
    [
        [-0.145041, 0.056484, 0.987821, -0.000044],
        [-0.912208, 0.379043, -0.155613, -0.000006],
        [-0.383209, -0.923665, -0.003451, 0.049582],
        [0.000000, 0.000000, 0.000000, 1.000000],
    ],
    # Frame 95
    [
        [-0.145064, 0.057127, 0.987780, -0.000045],
        [-0.912059, 0.379293, -0.155880, -0.000006],
        [-0.383557, -0.923523, -0.002918, 0.049571],
        [0.000000, 0.000000, 0.000000, 1.000000],
    ],
    # Frame 96
    [
        [-0.145128, 0.057789, 0.987732, -0.000045],
        [-0.911936, 0.379459, -0.156193, -0.000007],
        [-0.383824, -0.923414, -0.002370, 0.049537],
        [0.000000, 0.000000, 0.000000, 1.000000],
    ],
    # Frame 97
    [
        [-0.145158, 0.058431, 0.987690, -0.000046],
        [-0.911796, 0.379683, -0.156466, -0.000007],
        [-0.384145, -0.923281, -0.001836, 0.049527],
        [0.000000, 0.000000, 0.000000, 1.000000],
    ],
    # Frame 98
    [
        [-0.145201, 0.059055, 0.987647, -0.000046],
        [-0.911655, 0.379906, -0.156746, -0.000008],
        [-0.384463, -0.923150, -0.001325, 0.049527],
        [0.000000, 0.000000, 0.000000, 1.000000],
    ],
    # Frame 99
    [
        [-0.145259, 0.059665, 0.987602, -0.000047],
        [-0.911515, 0.380124, -0.157034, -0.000008],
        [-0.384774, -0.923021, -0.000830, 0.049528],
        [0.000000, 0.000000, 0.000000, 1.000000],
    ],
    # Frame 100
    [
        [-0.145379, 0.060253, 0.987549, -0.000047],
        [-0.911385, 0.380296, -0.157370, -0.000008],
        [-0.385036, -0.922913, -0.000373, 0.049534],
        [0.000000, 0.000000, 0.000000, 1.000000],
    ],
    # Frame 101
    [
        [-0.145503, 0.060831, 0.987495, -0.000048],
        [-0.911256, 0.380465, -0.157708, -0.000008],
        [-0.385294, -0.922805, 0.000074, 0.049536],
        [0.000000, 0.000000, 0.000000, 1.000000],
    ],
    # Frame 102
    [
        [-0.145633, 0.061399, 0.987441, -0.000048],
        [-0.911127, 0.380635, -0.158046, -0.000009],
        [-0.385551, -0.922697, 0.000509, 0.049537],
        [0.000000, 0.000000, 0.000000, 1.000000],
    ],
    # Frame 103
    [
        [-0.145770, 0.061955, 0.987386, -0.000049],
        [-0.910997, 0.380804, -0.158387, -0.000009],
        [-0.385806, -0.922591, 0.000931, 0.049539],
        [0.000000, 0.000000, 0.000000, 1.000000],
    ],
    # Frame 104
    [
        [-0.145911, 0.062500, 0.987331, -0.000049],
        [-0.910867, 0.380973, -0.158728, -0.000009],
        [-0.386060, -0.922484, 0.001341, 0.049540],
        [0.000000, 0.000000, 0.000000, 1.000000],
    ],
    # Frame 105
    [
        [-0.146056, 0.063036, 0.987275, -0.000050],
        [-0.910736, 0.381143, -0.159069, -0.000009],
        [-0.386314, -0.922377, 0.001741, 0.049541],
        [0.000000, 0.000000, 0.000000, 1.000000],
    ],
    # Frame 106
    [
        [-0.146204, 0.063562, 0.987220, -0.000050],
        [-0.910605, 0.381314, -0.159409, -0.000010],
        [-0.386566, -0.922271, 0.002130, 0.049542],
        [0.000000, 0.000000, 0.000000, 1.000000],
    ],
    # Frame 107
    [
        [-0.146355, 0.064078, 0.987164, -0.000051],
        [-0.910474, 0.381486, -0.159749, -0.000010],
        [-0.386818, -0.922164, 0.002509, 0.049543],
        [0.000000, 0.000000, 0.000000, 1.000000],
    ],
    # Frame 108
    [
        [-0.146509, 0.064585, 0.987108, -0.000051],
        [-0.910342, 0.381658, -0.160088, -0.000010],
        [-0.387070, -0.922058, 0.002878, 0.049543],
        [0.000000, 0.000000, 0.000000, 1.000000],
    ],
    # Frame 109
    [
        [-0.146668, 0.065082, 0.987052, -0.000052],
        [-0.910211, 0.381829, -0.160427, -0.000010],
        [-0.387319, -0.921952, 0.003236, 0.049545],
        [0.000000, 0.000000, 0.000000, 1.000000],
    ],
    # Frame 110
    [
        [-0.146829, 0.065570, 0.986996, -0.000052],
        [-0.910079, 0.382000, -0.160765, -0.000011],
        [-0.387567, -0.921847, 0.003585, 0.049546],
        [0.000000, 0.000000, 0.000000, 1.000000],
    ],
    # Frame 111
    [
        [-0.146991, 0.066049, 0.986940, -0.000053],
        [-0.909948, 0.382172, -0.161101, -0.000011],
        [-0.387815, -0.921741, 0.003925, 0.049546],
        [0.000000, 0.000000, 0.000000, 1.000000],
    ],
    # Frame 112
    [
        [-0.147155, 0.066521, 0.986884, -0.000053],
        [-0.909816, 0.382345, -0.161436, -0.000011],
        [-0.388062, -0.921635, 0.004258, 0.049547],
        [0.000000, 0.000000, 0.000000, 1.000000],
    ],
    # Frame 113
    [
        [-0.147278, 0.066991, 0.986834, -0.000053],
        [-0.909679, 0.382544, -0.161733, -0.000011],
        [-0.388335, -0.921519, 0.004600, 0.049560],
        [0.000000, 0.000000, 0.000000, 1.000000],
    ],
    # Frame 114
    [
        [-0.147325, 0.067477, 0.986794, -0.000054],
        [-0.909540, 0.382776, -0.161967, -0.000011],
        [-0.388643, -0.921387, 0.004981, 0.049579],
        [0.000000, 0.000000, 0.000000, 1.000000],
    ],
    # Frame 115
    [
        [-0.147511, 0.067913, 0.986736, -0.000055],
        [-0.909386, 0.382998, -0.162309, -0.000011],
        [-0.388934, -0.921263, 0.005263, 0.049623],
        [0.000000, 0.000000, 0.000000, 1.000000],
    ],
    # Frame 116
    [
        [-0.147645, 0.068360, 0.986685, -0.000055],
        [-0.909228, 0.383245, -0.162607, -0.000011],
        [-0.389250, -0.921127, 0.005571, 0.049649],
        [0.000000, 0.000000, 0.000000, 1.000000],
    ],
    # Frame 117
    [
        [-0.147779, 0.068813, 0.986634, -0.000056],
        [-0.909077, 0.383476, -0.162909, -0.000012],
        [-0.389553, -0.920998, 0.005886, 0.049653],
        [0.000000, 0.000000, 0.000000, 1.000000],
    ],
    # Frame 118
    [
        [-0.147918, 0.069260, 0.986582, -0.000056],
        [-0.908927, 0.383703, -0.163213, -0.000012],
        [-0.389851, -0.920870, 0.006195, 0.049654],
        [0.000000, 0.000000, 0.000000, 1.000000],
    ],
    # Frame 119
    [
        [-0.148062, 0.069700, 0.986529, -0.000056],
        [-0.908778, 0.383926, -0.163518, -0.000012],
        [-0.390144, -0.920744, 0.006497, 0.049654],
        [0.000000, 0.000000, 0.000000, 1.000000],
    ],
    # Frame 120
    [
        [-0.148210, 0.070133, 0.986476, -0.000057],
        [-0.908629, 0.384146, -0.163825, -0.000013],
        [-0.390433, -0.920619, 0.006791, 0.049654],
        [0.000000, 0.000000, 0.000000, 1.000000],
    ],
    # Frame 121
    [
        [-0.148361, 0.070560, 0.986423, -0.000057],
        [-0.908482, 0.384364, -0.164133, -0.000013],
        [-0.390720, -0.920495, 0.007078, 0.049654],
        [0.000000, 0.000000, 0.000000, 1.000000],
    ],
    # Frame 122
    [
        [-0.148516, 0.070983, 0.986369, -0.000058],
        [-0.908333, 0.384582, -0.164443, -0.000013],
        [-0.391005, -0.920372, 0.007359, 0.049654],
        [0.000000, 0.000000, 0.000000, 1.000000],
    ],
    # Frame 123
    [
        [-0.148675, 0.071399, 0.986315, -0.000058],
        [-0.908186, 0.384798, -0.164754, -0.000013],
        [-0.391288, -0.920249, 0.007634, 0.049654],
        [0.000000, 0.000000, 0.000000, 1.000000],
    ],
    # Frame 124
    [
        [-0.148836, 0.071809, 0.986261, -0.000058],
        [-0.908039, 0.385012, -0.165065, -0.000014],
        [-0.391568, -0.920128, 0.007902, 0.049653],
        [0.000000, 0.000000, 0.000000, 1.000000],
    ],
    # Frame 125
    [
        [-0.148999, 0.072212, 0.986207, -0.000059],
        [-0.907892, 0.385224, -0.165375, -0.000014],
        [-0.391846, -0.920008, 0.008163, 0.049653],
        [0.000000, 0.000000, 0.000000, 1.000000],
    ],
    # Frame 126
    [
        [-0.149171, 0.072613, 0.986152, -0.000059],
        [-0.907744, 0.385436, -0.165692, -0.000014],
        [-0.392123, -0.919887, 0.008418, 0.049656],
        [0.000000, 0.000000, 0.000000, 1.000000],
    ],
    # Frame 127
    [
        [-0.149290, 0.073008, 0.986104, -0.000060],
        [-0.907599, 0.385664, -0.165959, -0.000015],
        [-0.392414, -0.919761, 0.008687, 0.049673],
        [0.000000, 0.000000, 0.000000, 1.000000],
    ],
    # Frame 128
    [
        [-0.149412, 0.073405, 0.986057, -0.000060],
        [-0.907458, 0.385880, -0.166230, -0.000015],
        [-0.392694, -0.919639, 0.008957, 0.049675],
        [0.000000, 0.000000, 0.000000, 1.000000],
    ],
    # Frame 129
    [
        [-0.149539, 0.073798, 0.986008, -0.000061],
        [-0.907318, 0.386091, -0.166502, -0.000015],
        [-0.392969, -0.919519, 0.009223, 0.049676],
        [0.000000, 0.000000, 0.000000, 1.000000],
    ],
    # Frame 130
    [
        [-0.149669, 0.074185, 0.985959, -0.000061],
        [-0.907179, 0.386299, -0.166777, -0.000015],
        [-0.393240, -0.919400, 0.009482, 0.049676],
        [0.000000, 0.000000, 0.000000, 1.000000],
    ],
    # Frame 131
    [
        [-0.149804, 0.074565, 0.985910, -0.000061],
        [-0.907041, 0.386504, -0.167052, -0.000016],
        [-0.393507, -0.919283, 0.009734, 0.049676],
        [0.000000, 0.000000, 0.000000, 1.000000],
    ],
    # Frame 132
    [
        [-0.149942, 0.074940, 0.985861, -0.000062],
        [-0.906904, 0.386707, -0.167329, -0.000016],
        [-0.393771, -0.919168, 0.009980, 0.049676],
        [0.000000, 0.000000, 0.000000, 1.000000],
    ],
    # Frame 133
    [
        [-0.150082, 0.075310, 0.985811, -0.000062],
        [-0.906767, 0.386907, -0.167606, -0.000016],
        [-0.394032, -0.919053, 0.010221, 0.049675],
        [0.000000, 0.000000, 0.000000, 1.000000],
    ],
    # Frame 134
    [
        [-0.150226, 0.075672, 0.985761, -0.000062],
        [-0.906631, 0.387104, -0.167884, -0.000017],
        [-0.394289, -0.918940, 0.010454, 0.049676],
        [0.000000, 0.000000, 0.000000, 1.000000],
    ],
    # Frame 135
    [
        [-0.150373, 0.076030, 0.985712, -0.000063],
        [-0.906497, 0.387299, -0.168162, -0.000017],
        [-0.394543, -0.918829, 0.010682, 0.049676],
        [0.000000, 0.000000, 0.000000, 1.000000],
    ],
    # Frame 136
    [
        [-0.150482, 0.076444, 0.985663, -0.000063],
        [-0.906338, 0.387554, -0.168430, -0.000018],
        [-0.394866, -0.918687, 0.010965, 0.049639],
        [0.000000, 0.000000, 0.000000, 1.000000],
    ],
    # Frame 137
    [
        [-0.150619, 0.076882, 0.985608, -0.000061],
        [-0.906202, 0.387741, -0.168731, -0.000018],
        [-0.395126, -0.918571, 0.011270, 0.049567],
        [0.000000, 0.000000, 0.000000, 1.000000],
    ],
    # Frame 138
    [
        [-0.150609, 0.077374, 0.985571, -0.000062],
        [-0.906041, 0.388034, -0.168920, -0.000019],
        [-0.395498, -0.918407, 0.011662, 0.049518],
        [0.000000, 0.000000, 0.000000, 1.000000],
    ],
    # Frame 139
    [
        [-0.150643, 0.077877, 0.985526, -0.000062],
        [-0.905840, 0.388402, -0.169155, -0.000019],
        [-0.395946, -0.918209, 0.012034, 0.049475],
        [0.000000, 0.000000, 0.000000, 1.000000],
    ],
    # Frame 140
    [
        [-0.150655, 0.078392, 0.985484, -0.000063],
        [-0.905633, 0.388789, -0.169375, -0.000020],
        [-0.396416, -0.918001, 0.012421, 0.049461],
        [0.000000, 0.000000, 0.000000, 1.000000],
    ],
    # Frame 141
    [
        [-0.150497, 0.079004, 0.985459, -0.000064],
        [-0.905410, 0.389263, -0.169480, -0.000020],
        [-0.396984, -0.917748, 0.012948, 0.049427],
        [0.000000, 0.000000, 0.000000, 1.000000],
    ],
    # Frame 142
    [
        [-0.150379, 0.079589, 0.985430, -0.000064],
        [-0.905187, 0.389724, -0.169611, -0.000021],
        [-0.397537, -0.917502, 0.013437, 0.049421],
        [0.000000, 0.000000, 0.000000, 1.000000],
    ],
    # Frame 143
    [
        [-0.150336, 0.080164, 0.985390, -0.000066],
        [-0.904956, 0.390175, -0.169808, -0.000022],
        [-0.398080, -0.917260, 0.013888, 0.049404],
        [0.000000, 0.000000, 0.000000, 1.000000],
    ],
    # Frame 144
    [
        [-0.150320, 0.080734, 0.985346, -0.000066],
        [-0.904716, 0.390634, -0.170027, -0.000022],
        [-0.398629, -0.917015, 0.014322, 0.049387],
        [0.000000, 0.000000, 0.000000, 1.000000],
    ],
    # Frame 145
    [
        [-0.150309, 0.081270, 0.985304, -0.000067],
        [-0.904468, 0.391117, -0.170239, -0.000023],
        [-0.399196, -0.916762, 0.014717, 0.049380],
        [0.000000, 0.000000, 0.000000, 1.000000],
    ],
    # Frame 146
    [
        [-0.150187, 0.081839, 0.985275, -0.000066],
        [-0.904228, 0.391618, -0.170363, -0.000023],
        [-0.399786, -0.916498, 0.015185, 0.049370],
        [0.000000, 0.000000, 0.000000, 1.000000],
    ],
    # Frame 147
    [
        [-0.150101, 0.082394, 0.985242, -0.000067],
        [-0.903992, 0.392097, -0.170514, -0.000024],
        [-0.400352, -0.916243, 0.015630, 0.049368],
        [0.000000, 0.000000, 0.000000, 1.000000],
    ],
    # Frame 148
    [
        [-0.150047, 0.082938, 0.985205, -0.000067],
        [-0.903760, 0.392554, -0.170690, -0.000025],
        [-0.400895, -0.915998, 0.016055, 0.049367],
        [0.000000, 0.000000, 0.000000, 1.000000],
    ],
    # Frame 149
    [
        [-0.150020, 0.083472, 0.985164, -0.000068],
        [-0.903534, 0.392990, -0.170888, -0.000025],
        [-0.401416, -0.915763, 0.016463, 0.049366],
        [0.000000, 0.000000, 0.000000, 1.000000],
    ],
    # Frame 150
    [
        [-0.150179, 0.083962, 0.985098, -0.000070],
        [-0.903313, 0.393344, -0.171237, -0.000026],
        [-0.401852, -0.915566, 0.016772, 0.049377],
        [0.000000, 0.000000, 0.000000, 1.000000],
    ],
    # Frame 151
    [
        [-0.150347, 0.084458, 0.985030, -0.000070],
        [-0.903101, 0.393676, -0.171597, -0.000026],
        [-0.402267, -0.915378, 0.017086, 0.049377],
        [0.000000, 0.000000, 0.000000, 1.000000],
    ],
    # Frame 152
    [
        [-0.150579, 0.084933, 0.984954, -0.000070],
        [-0.902884, 0.393993, -0.172008, -0.000027],
        [-0.402666, -0.915197, 0.017357, 0.049371],
        [0.000000, 0.000000, 0.000000, 1.000000],
    ],
    # Frame 153
    [
        [-0.150815, 0.085399, 0.984878, -0.000071],
        [-0.902668, 0.394309, -0.172418, -0.000027],
        [-0.403062, -0.915018, 0.017619, 0.049369],
        [0.000000, 0.000000, 0.000000, 1.000000],
    ],
    # Frame 154
    [
        [-0.151052, 0.085859, 0.984802, -0.000071],
        [-0.902453, 0.394622, -0.172827, -0.000027],
        [-0.403455, -0.914840, 0.017876, 0.049367],
        [0.000000, 0.000000, 0.000000, 1.000000],
    ],
    # Frame 155
    [
        [-0.151291, 0.086314, 0.984725, -0.000071],
        [-0.902240, 0.394931, -0.173235, -0.000028],
        [-0.403843, -0.914664, 0.018126, 0.049366],
        [0.000000, 0.000000, 0.000000, 1.000000],
    ],
    # Frame 156
    [
        [-0.151530, 0.086762, 0.984649, -0.000072],
        [-0.902027, 0.395238, -0.173643, -0.000028],
        [-0.404228, -0.914489, 0.018371, 0.049365],
        [0.000000, 0.000000, 0.000000, 1.000000],
    ],
    # Frame 157
    [
        [-0.151771, 0.087205, 0.984573, -0.000072],
        [-0.901816, 0.395541, -0.174049, -0.000029],
        [-0.404609, -0.914316, 0.018612, 0.049364],
        [0.000000, 0.000000, 0.000000, 1.000000],
    ],
    # Frame 158
    [
        [-0.152012, 0.087643, 0.984497, -0.000073],
        [-0.901606, 0.395842, -0.174453, -0.000029],
        [-0.404987, -0.914144, 0.018847, 0.049362],
        [0.000000, 0.000000, 0.000000, 1.000000],
    ],
    # Frame 159
    [
        [-0.152253, 0.088076, 0.984421, -0.000073],
        [-0.901397, 0.396141, -0.174856, -0.000030],
        [-0.405361, -0.913973, 0.019077, 0.049361],
        [0.000000, 0.000000, 0.000000, 1.000000],
    ],
    # Frame 160
    [
        [-0.152495, 0.088503, 0.984345, -0.000073],
        [-0.901189, 0.396436, -0.175257, -0.000030],
        [-0.405732, -0.913804, 0.019303, 0.049360],
        [0.000000, 0.000000, 0.000000, 1.000000],
    ],
    # Frame 161
    [
        [-0.152737, 0.088925, 0.984270, -0.000073],
        [-0.900982, 0.396729, -0.175656, -0.000030],
        [-0.406101, -0.913636, 0.019525, 0.049358],
        [0.000000, 0.000000, 0.000000, 1.000000],
    ],
    # Frame 162
    [
        [-0.152978, 0.089342, 0.984195, -0.000074],
        [-0.900776, 0.397020, -0.176053, -0.000031],
        [-0.406466, -0.913469, 0.019742, 0.049357],
        [0.000000, 0.000000, 0.000000, 1.000000],
    ],
    # Frame 163
    [
        [-0.153219, 0.089755, 0.984120, -0.000074],
