# Frame 0000: confidence=1.0000, pose_uv=(514, 150)
0.781135	-0.584436	0.219693	0.283240
0.609457	0.790153	-0.064969	-0.167869
-0.135621	0.184642	0.973401	0.738013
0.000000	0.000000	0.000000	1.000000

# Frame 0001: confidence=1.0000, pose_uv=(501, 148)
0.781356	-0.581296	0.227112	0.266787
0.614133	0.780909	-0.114114	-0.172824
-0.111020	0.228640	0.967158	0.745196
0.000000	0.000000	0.000000	1.000000

# Frame 0002: confidence=0.9868, pose_uv=(487, 147)
0.763138	-0.585814	0.272845	0.248560
0.636840	0.753464	-0.163489	-0.176987
-0.109805	0.298523	0.948063	0.756659
0.000000	0.000000	0.000000	1.000000

# Frame 0003: confidence=1.0000, pose_uv=(471, 148)
0.741290	-0.590512	0.319041	0.224772
0.659481	0.729202	-0.182622	-0.176343
-0.124805	0.345776	0.929978	0.760558
0.000000	0.000000	0.000000	1.000000

# Frame 0004: confidence=1.0000, pose_uv=(454, 151)
0.723371	-0.564659	0.397362	0.199938
0.678704	0.687251	-0.258936	-0.173022
-0.126877	0.456996	0.880371	0.768351
0.000000	0.000000	0.000000	1.000000

# Frame 0005: confidence=1.0000, pose_uv=(435, 155)
0.704754	-0.573820	0.417200	0.168986
0.702045	0.648829	-0.293522	-0.166697
-0.102263	0.499752	0.860109	0.769192
0.000000	0.000000	0.000000	1.000000

# Frame 0006: confidence=1.0000, pose_uv=(413, 163)
0.653192	-0.590013	0.474581	0.135202
0.746722	0.605811	-0.274591	-0.155877
-0.125494	0.533739	0.836284	0.773963
0.000000	0.000000	0.000000	1.000000

# Frame 0007: confidence=1.0000, pose_uv=(390, 170)
0.572213	-0.547417	0.610664	0.097949
0.805961	0.513064	-0.295286	-0.145398
-0.151665	0.661135	0.734775	0.775437
0.000000	0.000000	0.000000	1.000000

# Frame 0008: confidence=1.0000, pose_uv=(366, 176)
0.503982	-0.511620	0.695881	0.058911
0.845913	0.455118	-0.278030	-0.134020
-0.174462	0.728774	0.662154	0.771479
0.000000	0.000000	0.000000	1.000000

# Frame 0009: confidence=1.0000, pose_uv=(342, 182)
0.443899	-0.508831	0.737596	0.021400
0.867617	0.449869	-0.211804	-0.124276
-0.224048	0.733967	0.641164	0.765459
0.000000	0.000000	0.000000	1.000000

# Frame 0010: confidence=1.0000, pose_uv=(318, 186)
0.384496	-0.467547	0.795968	-0.016620
0.891952	0.410357	-0.189820	-0.115610
-0.237880	0.782947	0.574808	0.753550
0.000000	0.000000	0.000000	1.000000

# Frame 0011: confidence=1.0000, pose_uv=(292, 191)
0.298056	-0.433703	0.850334	-0.056217
0.916125	0.380175	-0.127212	-0.104471
-0.268102	0.816925	0.510638	0.734784
0.000000	0.000000	0.000000	1.000000

# Frame 0012: confidence=1.0000, pose_uv=(265, 195)
0.206898	-0.390463	0.897070	-0.093970
0.921793	0.385065	-0.044994	-0.096348
-0.327861	0.836219	0.439593	0.711913
0.000000	0.000000	0.000000	1.000000

# Frame 0013: confidence=1.0000, pose_uv=(238, 196)
0.114576	-0.327920	0.937733	-0.128677
0.921461	0.387791	0.023021	-0.090412
-0.371192	0.861443	0.346596	0.682832
0.000000	0.000000	0.000000	1.000000

# Frame 0014: confidence=1.0000, pose_uv=(211, 197)
0.044817	-0.228030	0.972623	-0.164829
0.914055	0.402222	0.052183	-0.087142
-0.403109	0.886689	0.226458	0.670875
0.000000	0.000000	0.000000	1.000000

# Frame 0015: confidence=1.0000, pose_uv=(183, 196)
-0.056482	-0.120421	0.991115	-0.194690
0.891740	0.440361	0.104324	-0.085013
-0.449010	0.889707	0.082512	0.642270
0.000000	0.000000	0.000000	1.000000

# Frame 0016: confidence=0.9259, pose_uv=(156, 193)
-0.144899	0.035301	0.988817	-0.221506
0.859624	0.499354	0.108142	-0.084751
-0.489951	0.865677	-0.102701	0.615127
0.000000	0.000000	0.000000	1.000000

# Frame 0017: confidence=0.9245, pose_uv=(129, 190)
-0.255026	0.188678	0.948347	-0.245256
0.829129	0.547296	0.114080	-0.086007
-0.497502	0.815393	-0.296012	0.589944
0.000000	0.000000	0.000000	1.000000

# Frame 0018: confidence=0.9606, pose_uv=(104, 185)
-0.342321	0.417267	0.841846	-0.265611
0.788863	0.614356	0.016268	-0.087670
-0.510404	0.669668	-0.539472	0.567851
0.000000	0.000000	0.000000	1.000000

# Frame 0019: confidence=0.9895, pose_uv=(84, 182)
-0.453460	0.648870	0.611017	-0.281720
0.734977	0.660031	-0.155464	-0.089337
-0.504165	0.378586	-0.776200	0.554508
0.000000	0.000000	0.000000	1.000000

# Frame 0020: confidence=0.9727, pose_uv=(72, 182)
-0.536445	0.805278	0.252496	-0.292175
0.730292	0.592893	-0.339343	-0.087942
-0.422967	0.002356	-0.906140	0.547425
0.000000	0.000000	0.000000	1.000000

# Frame 0021: confidence=0.9010, pose_uv=(68, 189)
-0.563636	0.817557	-0.117959	-0.291460
0.738189	0.434460	-0.516064	-0.079487
-0.370663	-0.377948	-0.848387	0.538173
0.000000	0.000000	0.000000	1.000000

# Frame 0022: confidence=0.9833, pose_uv=(72, 198)
-0.562531	0.753678	-0.339894	-0.280853
0.747082	0.287265	-0.599457	-0.067885
-0.354157	-0.591142	-0.724652	0.526376
0.000000	0.000000	0.000000	1.000000

# Frame 0023: confidence=0.9925, pose_uv=(80, 206)
-0.551892	0.689435	-0.469142	-0.264375
0.766641	0.198094	-0.610755	-0.057377
-0.328141	-0.696733	-0.637873	0.510287
0.000000	0.000000	0.000000	1.000000

# Frame 0024: confidence=0.9789, pose_uv=(87, 211)
-0.515321	0.684773	-0.515296	-0.245367
0.781269	0.128249	-0.610878	-0.049778
-0.352226	-0.717382	-0.601079	0.488301
0.000000	0.000000	0.000000	1.000000

# Frame 0025: confidence=0.9877, pose_uv=(96, 212)
-0.512491	0.711172	-0.481234	-0.224975
0.766207	0.125725	-0.630176	-0.046154
-0.387660	-0.691684	-0.609335	0.464607
0.000000	0.000000	0.000000	1.000000

# Frame 0026: confidence=0.9799, pose_uv=(108, 212)
-0.496915	0.759986	-0.418922	-0.202117
0.759032	0.146635	-0.634327	-0.044197
-0.420651	-0.633181	-0.649715	0.441276
0.000000	0.000000	0.000000	1.000000

# Frame 0027: confidence=0.9627, pose_uv=(128, 212)
-0.468537	0.816553	-0.337213	-0.175404
0.741998	0.156553	-0.651868	-0.042028
-0.479493	-0.555635	-0.679229	0.419432
0.000000	0.000000	0.000000	1.000000

# Frame 0028: confidence=0.9686, pose_uv=(154, 213)
-0.428255	0.855528	-0.290978	-0.145647
0.732921	0.140482	-0.665653	-0.038625
-0.528607	-0.498332	-0.687194	0.401138
0.000000	0.000000	0.000000	1.000000

# Frame 0029: confidence=0.9821, pose_uv=(188, 216)
-0.367081	0.895849	-0.250408	-0.114260
0.741259	0.119093	-0.660571	-0.035230
-0.561950	-0.428099	-0.707770	0.389395
0.000000	0.000000	0.000000	1.000000

# Frame 0030: confidence=0.4207, pose_uv=(188, 218)
-0.532623	0.830328	-0.163909	-0.121515
0.517317	0.166116	-0.839518	-0.036322
-0.669847	-0.531938	-0.518017	0.415194
0.000000	0.000000	0.000000	1.000000

